service_id,date,exception_type
285170074,20241128,2
285170074,20241129,2
285170074,20241202,2
285170074,20241203,2
285160009,20241127,2
285160009,20241204,2
285251075,20241212,2
285251075,20241213,2
285251075,20241216,2
285251075,20241217,2
285249012,20241211,2
285249012,20241218,2
275091000,20241127,2
275091000,20241204,2
275091000,20241211,2
275091000,20241218,2
275097070,20241128,2
275097070,20241129,2
275097070,20241202,2
275097070,20241203,2
275097070,20241205,2
275097070,20241206,2
275097070,20241209,2
275097070,20241210,2
275097070,20241212,2
275097070,20241213,2
275097070,20241216,2
275097070,20241217,2
275352000,20241209,2
275352000,20241210,2
275352000,20241211,2
275352000,20241212,2
274357600,20241208,2
274347000,20241127,2
274347000,20241204,2
274347000,20241211,2
274347000,20241218,2
274349030,20241128,2
274349030,20241129,2
274349030,20241202,2
274349030,20241203,2
274349030,20241205,2
274349030,20241206,2
274349030,20241209,2
274349030,20241210,2
274349030,20241212,2
274349030,20241213,2
274349030,20241216,2
274349030,20241217,2
285185008,20241202,2
285185008,20241203,2
285185008,20241204,2
285185008,20241209,2
285185008,20241210,2
285185008,20241211,2
285185008,20241216,2
285185008,20241217,2
285185008,20241218,2
282161007,20241129,2
282161007,20241205,2
282161007,20241206,2
282161007,20241212,2
282161007,20241213,2
274938001,20241129,2
274938001,20241206,2
274938001,20241213,2
274939002,20241202,2
274939002,20241203,2
274939002,20241204,2
274939002,20241205,2
274939002,20241209,2
274939002,20241210,2
274939002,20241211,2
274939002,20241212,2
274939002,20241216,2
274939002,20241217,2
274939002,20241218,2
274939002,20241219,2
285126001,20241202,2
285126001,20241203,2
285126001,20241209,2
285126001,20241210,2
285126001,20241216,2
285126001,20241217,2
285140002,20241127,2
285140002,20241128,2
285140002,20241129,2
285140002,20241204,2
285140002,20241205,2
285140002,20241206,2
285140002,20241211,2
285140002,20241212,2
285140002,20241213,2
281896003,20241127,2
281896003,20241204,2
281896003,20241211,2
281896003,20241218,2
281898032,20241128,2
281898032,20241129,2
281898032,20241202,2
281898032,20241203,2
281898032,20241205,2
281898032,20241206,2
281898032,20241209,2
281898032,20241210,2
281898032,20241212,2
281898032,20241213,2
281898032,20241216,2
281898032,20241217,2
283045004,20241129,2
283045004,20241206,2
283045004,20241213,2
283072054,20241202,2
283072054,20241203,2
283072054,20241204,2
283072054,20241205,2
283072054,20241209,2
283072054,20241210,2
283072054,20241211,2
283072054,20241212,2
283072054,20241216,2
283072054,20241217,2
283072054,20241218,2
283072054,20241219,2
283158004,20241127,2
283158004,20241204,2
283158004,20241211,2
283158004,20241218,2
283160033,20241128,2
283160033,20241129,2
283160033,20241202,2
283160033,20241203,2
283160033,20241205,2
283160033,20241206,2
283160033,20241209,2
283160033,20241210,2
283160033,20241212,2
283160033,20241213,2
283160033,20241216,2
283160033,20241217,2
282850001,20241127,2
282850001,20241204,2
282850001,20241211,2
282850001,20241218,2
282852071,20241128,2
282852071,20241129,2
282852071,20241202,2
282852071,20241203,2
282852071,20241205,2
282852071,20241206,2
282852071,20241209,2
282852071,20241210,2
282852071,20241212,2
282852071,20241213,2
282852071,20241216,2
282852071,20241217,2
283078032,20241128,2
283078032,20241129,2
283078032,20241202,2
283078032,20241203,2
283078032,20241205,2
283078032,20241206,2
283078032,20241209,2
283078032,20241210,2
283078032,20241212,2
283078032,20241213,2
283078032,20241216,2
283078032,20241217,2
283076002,20241127,2
283076002,20241204,2
283076002,20241211,2
283076002,20241218,2
285442003,20241127,2
285442003,20241204,2
285442003,20241211,2
285442003,20241218,2
285444033,20241128,2
285444033,20241129,2
285444033,20241202,2
285444033,20241203,2
285444033,20241205,2
285444033,20241206,2
285444033,20241209,2
285444033,20241210,2
285444033,20241212,2
285444033,20241213,2
285444033,20241216,2
285444033,20241217,2
277070001,20241209,2
277070001,20241210,2
277070001,20241211,2
277070001,20241212,2
274362600,20241208,2
285319004,20241127,2
285319004,20241204,2
285319004,20241211,2
285321032,20241128,2
285321032,20241129,2
285321032,20241202,2
285321032,20241203,2
285321032,20241205,2
285321032,20241206,2
285321032,20241209,2
285321032,20241210,2
275122001,20241127,2
275122001,20241204,2
275122001,20241211,2
275122001,20241218,2
275259030,20241128,2
275259030,20241129,2
275259030,20241202,2
275259030,20241203,2
275259030,20241205,2
275259030,20241206,2
275259030,20241209,2
275259030,20241210,2
275259030,20241212,2
275259030,20241213,2
275259030,20241216,2
275259030,20241217,2
281935002,20241127,2
281935002,20241204,2
281935002,20241211,2
281935002,20241218,2
281937031,20241128,2
281937031,20241129,2
281937031,20241202,2
281937031,20241203,2
281937031,20241205,2
281937031,20241206,2
281937031,20241209,2
281937031,20241210,2
281937031,20241212,2
281937031,20241213,2
281937031,20241216,2
281937031,20241217,2
285188003,20241202,2
285188003,20241203,2
285188003,20241204,2
285188003,20241205,2
285188003,20241209,2
285188003,20241210,2
285188003,20241211,2
285188003,20241212,2
285188003,20241216,2
285188003,20241217,2
285188003,20241218,2
285188003,20241219,2
282237002,20241128,2
282237002,20241129,2
282237002,20241205,2
282237002,20241206,2
282237002,20241212,2
282237002,20241213,2
285372062,20241206,2
285372062,20241209,2
285372062,20241210,2
285372062,20241211,2
285372062,20241213,2
285372062,20241216,2
285372062,20241217,2
285372062,20241218,2
276259001,20241127,2
276259001,20241204,2
276259001,20241211,2
276259001,20241218,2
276258031,20241128,2
276258031,20241129,2
276258031,20241202,2
276258031,20241203,2
276258031,20241205,2
276258031,20241206,2
276258031,20241209,2
276258031,20241210,2
276258031,20241212,2
276258031,20241213,2
276258031,20241216,2
276258031,20241217,2
281979001,20241127,2
281979001,20241204,2
281979001,20241211,2
281981032,20241128,2
281981032,20241129,2
281981032,20241202,2
281981032,20241203,2
281981032,20241205,2
281981032,20241206,2
281981032,20241209,2
281981032,20241210,2
284878005,20241202,2
284878005,20241203,2
284878005,20241204,2
284878005,20241209,2
284878005,20241210,2
284878005,20241211,2
284878005,20241216,2
284878005,20241217,2
284878005,20241218,2
284966006,20241205,2
284966006,20241206,2
284966006,20241212,2
284966006,20241213,2
283141002,20241209,2
283141002,20241210,2
283141002,20241211,2
283141002,20241212,2
282013002,20241202,2
282013002,20241203,2
282013002,20241204,2
282013002,20241205,2
282013002,20241209,2
282013002,20241210,2
282013002,20241211,2
282013002,20241212,2
282013002,20241216,2
282013002,20241217,2
282013002,20241218,2
282013002,20241219,2
275315000,20241202,2
275315000,20241203,2
275315000,20241204,2
275315000,20241205,2
275315000,20241209,2
275315000,20241210,2
275315000,20241211,2
275315000,20241212,2
275315000,20241216,2
275315000,20241217,2
275315000,20241218,2
275315000,20241219,2
285123004,20241202,2
285123004,20241203,2
285123004,20241204,2
285123004,20241205,2
285123004,20241209,2
285123004,20241210,2
285123004,20241211,2
285123004,20241212,2
285123004,20241216,2
285123004,20241217,2
285123004,20241218,2
285123004,20241219,2
277085051,20241202,2
277085051,20241203,2
277085051,20241204,2
277085051,20241205,2
277085051,20241209,2
277085051,20241210,2
277085051,20241211,2
277085051,20241212,2
277085051,20241216,2
277085051,20241217,2
277085051,20241218,2
277085051,20241219,2
277313001,20241202,2
277313001,20241203,2
277313001,20241204,2
277313001,20241205,2
277313001,20241209,2
277313001,20241210,2
277313001,20241211,2
277313001,20241212,2
277313001,20241216,2
277313001,20241217,2
277313001,20241218,2
277313001,20241219,2
279546002,20241202,2
279546002,20241203,2
279546002,20241204,2
279546002,20241205,2
279546002,20241209,2
279546002,20241210,2
279546002,20241211,2
279546002,20241212,2
279546002,20241216,2
279546002,20241217,2
279546002,20241218,2
279546002,20241219,2
278927001,20241128,2
278927001,20241129,2
278927001,20241202,2
278927001,20241203,2
278927001,20241209,2
278927001,20241210,2
278927001,20241211,2
278927001,20241216,2
278927001,20241217,2
278927001,20241218,2
282872003,20241127,2
282872003,20241129,2
282872003,20241204,2
282872003,20241205,2
282872003,20241206,2
282872003,20241212,2
282872003,20241213,2
282904004,20241128,2
282904004,20241129,2
282904004,20241202,2
282904004,20241203,2
282904004,20241206,2
282904004,20241209,2
282904004,20241210,2
282904004,20241211,2
282904004,20241213,2
282904004,20241216,2
282904004,20241217,2
282904004,20241218,2
282905054,20241209,2
282905054,20241210,2
282905054,20241211,2
282905054,20241212,2
282905054,20241216,2
282905054,20241217,2
282905054,20241218,2
282905054,20241219,2
